1673716672.674796,0
1673716672.783236,7
1673716672.890636,4
1673716672.994744,10
1673716673.099558,17
1673716673.205077,19
1673716673.310336,19
1673716673.415646,20
1673716673.520646,19
1673716673.625646,20
1673716673.732065,17
1673716673.839157,20
1673716673.943015,19
1673716674.047997,19
1673716674.154142,19
1673716674.258352,17
1673716674.371626,17
1673716674.482302,9
1673716674.587353,12
1673716674.692050,12
1673716674.798094,13
1673716674.902178,14
1673716675.009841,11
1673716675.113875,14
1673716675.219637,12
1673716675.325904,13
1673716675.433718,13
1673716675.539620,14
1673716675.644366,14
1673716675.749487,14
1673716675.855357,15
1673716675.960137,15
1673716676.068164,16
1673716676.173135,15
1673716676.277772,16
1673716676.382648,16
1673716676.487723,18
1673716676.593302,18
1673716676.706957,18
1673716676.811898,18
1673716676.916215,19
1673716677.020482,19
1673716677.124980,20
1673716677.230926,18
1673716677.336349,19
1673716677.441194,19
1673716677.546345,17
1673716677.650861,15
1673716677.755608,16
1673716677.864002,14
1673716677.970075,19
1673716678.093014,16
1673716678.206769,16
1673716678.312259,15
1673716678.417140,18
1673716678.523911,16
1673716678.629454,11
1673716678.735238,7
1673716678.839669,7
1673716678.948237,6
1673716679.053680,7
1673716679.159242,7
1673716679.263374,8
1673716679.370250,8
1673716679.478046,8
1673716679.582871,10
1673716679.686994,10
1673716679.792671,10
1673716679.907084,11
1673716680.023960,10
1673716680.136663,11
1673716680.260093,11
1673716680.367826,11
1673716680.472115,11
1673716680.587197,11
1673716680.707180,12
1673716680.817957,11
1673716680.941885,13
1673716681.049362,11
1673716681.156505,12
1673716681.266409,13
1673716681.371818,14
1673716681.478625,14
1673716681.590807,14
1673716681.696025,13
1673716681.800328,15
1673716681.905267,16
1673716682.010096,15
1673716682.116147,15
1673716682.250422,15
1673716682.354980,16
1673716682.462382,16
1673716682.566735,16
1673716682.673808,16
1673716682.784642,16
1673716682.934976,17
1673716683.039580,17
1673716683.144427,16
1673716683.248767,17
1673716683.354896,17
1673716683.460280,16
1673716683.573737,17
1673716683.682686,19
1673716683.788334,19
1673716683.898331,19
1673716684.012312,19
1673716684.116925,19
1673716684.224343,19
1673716684.328438,19
1673716684.436969,12
1673716684.543502,11
1673716684.653691,12
1673716684.787431,11
1673716684.903421,12
1673716685.010492,11
1673716685.128775,13
1673716685.233328,13
1673716685.342203,16
1673716685.448383,17
1673716685.567913,16
1673716685.678089,16
1673716685.782822,14
1673716685.887121,16
1673716685.996225,15
1673716686.108226,14
1673716686.215774,16
1673716686.326114,15
1673716686.430585,17
1673716686.549316,16
1673716686.653495,18
1673716686.762248,18
1673716686.868049,17
1673716686.973267,18
1673716687.090672,20
1673716687.195560,20
1673716687.338328,18
1673716687.458869,19
1673716687.567768,18
1673716687.673051,19
1673716687.777568,17
1673716687.881672,17
1673716687.986009,17
1673716688.090869,11
1673716688.198196,13
1673716688.303114,12
1673716688.408153,13
1673716688.516125,14
1673716688.628486,12
1673716688.739732,15
1673716688.844311,12
1673716688.948896,10
1673716689.053560,8
1673716689.157738,7
1673716689.271577,7
1673716689.384482,7
1673716689.491024,8
1673716689.595026,7
1673716689.708830,8
1673716689.830139,9
1673716689.935552,7
1673716690.050789,7
1673716690.156436,10
1673716690.261981,10
1673716690.367547,10
1673716690.473889,10
1673716690.632759,10
1673716690.740044,12
1673716690.845042,10
1673716690.949138,10
1673716691.054141,11
1673716691.164473,13
1673716691.279854,11
1673716691.387229,12
1673716691.491390,13
1673716691.596995,13
1673716691.703358,14
1673716691.810086,14
1673716691.916776,13
1673716692.020898,14
1673716692.126098,13
1673716692.230536,15
1673716692.335465,15
1673716692.439349,15
1673716692.543853,16
1673716692.651415,16
1673716692.758348,16
1673716692.862118,16
1673716692.966946,17
1673716693.076441,16
1673716693.183970,16
1673716693.295738,17
1673716693.403145,17
1673716693.509941,16
1673716693.614606,17
1673716693.718562,16
1673716693.824028,17
1673716693.948767,18
1673716694.053135,18
1673716694.157146,17
1673716694.261852,18
1673716694.367785,19
1673716694.473406,19
1673716694.594615,19
1673716694.699721,12
1673716694.806004,12
1673716694.910614,10
1673716695.015414,11
1673716695.122789,10
1673716695.235333,15
1673716695.340436,13
1673716695.456684,15
1673716695.561366,15
1673716695.666747,14
1673716695.771225,15
1673716695.880113,17
1673716695.998702,17
1673716696.102492,16
1673716696.208297,15
1673716696.318094,15
1673716696.424255,17
1673716696.528859,17
1673716696.633646,17
1673716696.741630,18
1673716696.845639,19
1673716696.949506,19
1673716697.054323,18
1673716697.158880,18
1673716697.268374,18
1673716697.374103,18
1673716697.481282,16
1673716697.592974,14
1673716697.697082,15
1673716697.808418,15
1673716697.912523,15
1673716698.016642,16
1673716698.120636,15
1673716698.228652,15
1673716698.342858,16
1673716698.451672,11
1673716698.556038,9
1673716698.661382,9
1673716698.766154,6
1673716698.871583,8
1673716698.976597,8
1673716699.081064,7
1673716699.186380,8
1673716699.296126,7
1673716699.402268,8
1673716699.507469,9
1673716699.668018,8
1673716699.773344,9
1673716699.881296,11
1673716699.987697,11
1673716700.092523,9
1673716700.277078,11
1673716700.391953,12
1673716700.502201,12
1673716700.623550,11
1673716700.728908,11
1673716700.840345,13
1673716700.946318,13
1673716701.051477,13
1673716701.159207,12
1673716701.263847,12
1673716701.369249,13
1673716701.502534,16
1673716701.609577,14
1673716701.715208,14
1673716701.822151,15
1673716701.926882,15
1673716702.032658,15
1673716702.138318,15
1673716702.243248,15
1673716702.347477,15
1673716702.511650,16
1673716702.624028,16
1673716702.730302,16
1673716702.834504,15
1673716702.970592,16
1673716703.076287,18
1673716703.202110,18
1673716703.311019,17
1673716703.415506,18
1673716703.519965,17
1673716703.624901,17
1673716703.762093,20
1673716703.868062,19
1673716703.972690,18
1673716704.077131,19
1673716704.188112,20
1673716704.294044,17
1673716704.401119,18
1673716704.520895,19
1673716704.643858,19
1673716704.751520,16
1673716704.857549,15
1673716705.036406,15
1673716705.233646,12
1673716705.349255,13
1673716705.465468,11
1673716705.586383,12
1673716705.713328,11
1673716705.824896,12
1673716705.930004,15
1673716706.040420,14
1673716706.146167,15
1673716706.252148,15
1673716706.358206,15
1673716706.469177,17
1673716706.576346,16
1673716706.683554,17
1673716706.790477,17
1673716706.900234,15
1673716707.008333,16
1673716707.113236,18
1673716707.218323,18
1673716707.322634,18
1673716707.429415,18
1673716707.537624,17
1673716707.642106,18
1673716707.747876,19
1673716707.855889,18
1673716707.961972,18
1673716708.108266,18
1673716708.236817,16
1673716708.355892,15
1673716708.461855,8
1673716708.566359,6
1673716708.670904,4
1673716708.775743,5
1673716708.884686,6
1673716708.989061,7
1673716709.093039,5
1673716709.196831,7
1673716709.304698,7
1673716709.408587,6
1673716709.514237,7
1673716709.620582,8
1673716709.726249,8
1673716709.830578,9
1673716709.938152,9
1673716710.042816,9
1673716710.152153,10
1673716710.256452,9
1673716710.361316,11
1673716710.467732,11
1673716710.572062,10
1673716710.678311,12
1673716710.784602,12
1673716710.892572,12
1673716711.001551,12
1673716711.105966,13
1673716711.210765,13
1673716711.316091,11
1673716711.421154,13
1673716711.528016,13
1673716711.633108,13
1673716711.737256,13
1673716711.847211,14
1673716711.954641,14
1673716712.059406,15
1673716712.163726,15
1673716712.269722,14
1673716712.376115,15
1673716712.481560,16
1673716712.609104,16
1673716712.722462,16
1673716712.827528,16
1673716712.936157,15
1673716713.042080,16
1673716713.146646,16
1673716713.251492,17
1673716713.356483,17
1673716713.465801,17
1673716713.570799,18
1673716713.677244,19
1673716713.782373,19
1673716713.889182,19
1673716713.994137,19
1673716714.098371,19
1673716714.207712,17
1673716714.312834,18
1673716714.417438,19
1673716714.524465,18
1673716714.631638,20
1673716714.738923,18
1673716714.846804,13
1673716714.954725,9
1673716715.059392,5
1673716715.170348,6
1673716715.276054,8
1673716715.380408,8
1673716715.485333,8
1673716715.590080,8
1673716715.695069,8
1673716715.799299,9
1673716715.903379,9
1673716716.007838,10
1673716716.112015,10
1673716716.216892,10
1673716716.320902,11
1673716716.426614,12
1673716716.531247,13
1673716716.640676,12
1673716716.746405,14
1673716716.854031,13
1673716716.959722,14
1673716717.064178,14
1673716717.170290,14
1673716717.277498,15
1673716717.383019,15
1673716717.488374,16
1673716717.592522,16
1673716717.696731,14
1673716717.801080,11
1673716717.905105,10
1673716718.010113,9
1673716718.114742,9
1673716718.237053,9
1673716718.343382,11
1673716718.456063,11
1673716718.560068,11
1673716718.676386,12
1673716718.791945,11
1673716718.896635,10
1673716719.002697,12
1673716719.107358,13
1673716719.219322,14
1673716719.323970,13
1673716719.428806,13
1673716719.533651,13
1673716719.639352,13
1673716719.744214,14
1673716719.848873,14
1673716719.954505,14
1673716720.058896,15
1673716720.166478,15
1673716720.270943,14
1673716720.379520,15
1673716720.483317,15
1673716720.590396,15
1673716720.700844,16
1673716720.813627,15
1673716720.928004,17
1673716721.036009,17
1673716721.143713,17
1673716721.250542,17
1673716721.358219,18
1673716721.464936,17
1673716721.605392,17
1673716721.712560,16
1673716721.819054,16
1673716721.933561,16
1673716722.038645,17
1673716722.145549,19
1673716722.250100,19
1673716722.355209,19
1673716722.461513,19
1673716722.570827,20
1673716722.678784,18
1673716722.784954,18
1673716722.894436,19
1673716723.010258,19
1673716723.115675,18
1673716723.220785,16
1673716723.324710,16
1673716723.431439,15
1673716723.540221,16
1673716723.645819,14
1673716723.750739,10
1673716723.856780,9
1673716723.960916,8
1673716724.067667,6
1673716724.174794,8
1673716724.283380,8
1673716724.389982,9
1673716724.495207,11
1673716724.602038,10
1673716724.706648,10
1673716724.816335,10
1673716724.923732,11
1673716725.028929,13
1673716725.137505,14
1673716725.242056,14
1673716725.347287,13
1673716725.453404,14
1673716725.560453,14
1673716725.666467,13
1673716725.775352,15
1673716725.880543,15
1673716725.985111,11
1673716726.089396,10
1673716726.194246,10
1673716726.302785,8
1673716726.407152,8
1673716726.511317,9
1673716726.616194,9
1673716726.720511,9
1673716726.831301,10
1673716726.935471,10
1673716727.042564,11
1673716727.148160,11
1673716727.256313,11
1673716727.370169,11
1673716727.510226,12
1673716727.636409,14
1673716727.748068,13
1673716727.853194,11
1673716727.958368,11
1673716728.063247,12
1673716728.168763,13
1673716728.272770,12
1673716728.377436,13
1673716728.483900,13
1673716728.592143,14
1673716728.700464,15
1673716728.806077,15
1673716728.911979,14
1673716729.021435,15
1673716729.125937,15
1673716729.232552,16
1673716729.337994,15
1673716729.446198,16
1673716729.552091,16
1673716729.659252,15
1673716729.764611,18
1673716729.870415,17
1673716729.975450,17
1673716730.079765,17
1673716730.186806,18
1673716730.292942,18
1673716730.399972,18
1673716730.506304,18
1673716730.611363,18
1673716730.715639,17
1673716730.820128,18
1673716730.935961,18
1673716731.054572,18
1673716731.158728,19
1673716731.265795,18
1673716731.370237,19
1673716731.476858,19
1673716731.582142,20
1673716731.694042,12
1673716731.798183,15
1673716731.905386,8
1673716732.010669,9
1673716732.115619,11
1673716732.220204,10
1673716732.324975,13
1673716732.431263,11
1673716732.536690,15
1673716732.642358,15
1673716732.746379,15
1673716732.851709,16
1673716732.963645,14
1673716733.068217,16
1673716733.175539,14
1673716733.283849,14
1673716733.391592,16
1673716733.496633,16
1673716733.604377,15
1673716733.710739,17
1673716733.819798,18
1673716733.924580,19
1673716734.030427,19
1673716734.145551,20
1673716734.249836,20
1673716734.354658,18
1673716734.459918,18
1673716734.574209,19
1673716734.678487,18
1673716734.784808,17
1673716734.890946,12
1673716734.996677,13
1673716735.102001,11
1673716735.208744,9
1673716735.319813,8
1673716735.430075,9
1673716735.535961,11
1673716735.640509,11
1673716735.745266,12
1673716735.850120,11
1673716735.954575,11
1673716736.059710,11
1673716736.164177,12
1673716736.269043,11
1673716736.373237,12
1673716736.478073,9
1673716736.582687,8
1673716736.686834,8
1673716736.795159,8
1673716736.899835,8
1673716737.004136,10
1673716737.108919,9
1673716737.213447,8
1673716737.319174,10
1673716737.423428,8
1673716737.529254,2
1673716737.719224,0
1673716737.824099,0
1673716737.931125,0
1673716738.035906,0
1673716738.142888,0
1673716738.247650,0
1673716738.352601,0
1673716738.463415,0
1673716738.570407,0
1673716738.677578,0
1673716738.782645,0
1673716738.909798,0
1673716739.014088,0
1673716739.119548,0
1673716739.225247,0
1673716739.330687,0
1673716739.439041,0
1673716739.544182,0
1673716739.648604,0
1673716739.753155,0
1673716739.857972,0
1673716739.962789,0
1673716740.067160,0
1673716740.171592,0
1673716740.275984,0
1673716740.380468,0
1673716740.484579,0
1673716740.589303,0
1673716740.694281,0
1673716740.799281,0
1673716740.904910,0
1673716741.009625,0
1673716741.114738,0
1673716741.219319,0
1673716741.324309,0
